10000 18 555 NA
20000 18 2000 INT
10000 12 833 NA  
20000 24 870 INT  
15000 18 834 INT  
5000 12 417 NA  
30000 36 1025 INT  
25000 24 1083 INT  
12000 12 1000 NA  
18000 18 1000 INT  
22000 24 917 INT  
8000 12 667 NA  
27000 36 750 INT  
16000 24 667 INT  
9000 12 750 NA  
14000 18 778 INT  
31000 36 861 INT  
26000 24 1084 INT  
13000 12 1084 NA  
2000 12 167 NA  
7000 12 584 NA  
21000 24 875 INT  
4000 12 333 NA  
11000 12 917 NA  
17000 18 945 INT  
19000 24 792 INT  
6000 12 500 NA  
35000 36 972 INT  
1500 12 125 NA  
8000 12 667 NA  
33000 36 917 INT  
29000 24 1208 INT  
24000 18 1333 INT  
5000 12 417 NA  
1000 12 84 NA  
40000 36 1111 INT  
23000 24 958 INT  
4500 12 375 NA  
28000 18 1556 INT  
32000 24 1333 INT  
37000 36 1028 INT  
7500 12 625 NA  
3000 12 250 NA  
31000 24 1292 INT  
20000 18 1111 INT  
13000 12 1084 NA  
47000 36 1306 INT  
15000 18 834 INT  
25000 24 1042 INT  
36000 36 1000 INT  
